0.0353210486877 0.964678951312
0.00167812363295 0.998321876367
2.32060342878e-08 0.999999976794
0.673319594982 0.326680405018
0.124214660531 0.875785339469
0.356311741332 0.643688258668
0.300883121518 0.699116878482
0.578598965 0.421401035
0.132865240299 0.867134759701
0.116465145459 0.883534854541
0.0223303539529 0.977669646047
0.00496117842694 0.995038821573
0.0749932569084 0.925006743092
3.45410010985e-06 0.9999965459
0.0888057380855 0.911194261915
0.120938678889 0.879061321111
0.0993084584927 0.900691541507
0.413209037157 0.586790962843
5.63583669953e-07 0.999999436416
0.000952085884896 0.999047914115
0.00978988940568 0.990210110594
0.0301786541035 0.969821345896
0.0460407918249 0.953959208175
5.94480829883e-05 0.999940551917
0.00281586934675 0.997184130653
0.0658678381508 0.934132161849
0.0103580930204 0.98964190698
0.188327143207 0.811672856793
0.0575174417148 0.942482558285
0.305238165466 0.694761834534
0.459367655641 0.540632344359
0.757827160025 0.242172839975
0.746485826124 0.253514173876
0.5050128552 0.4949871448
0.0641166533506 0.935883346649
0.00619797559936 0.993802024401
1.99734156021e-05 0.999980026584
0.0924436351958 0.907556364804
0.0489526022225 0.951047397777
0.115524461927 0.884475538073
0.637505877067 0.362494122933
0.0166547360448 0.983345263955
0.0566140364932 0.943385963507
4.43209629837e-05 0.999955679037
0.000171389591847 0.999828610408
0.0528039855761 0.947196014424
0.00406037600304 0.995939623997
9.74318717832e-05 0.999902568128
0.00134082949192 0.998659170508
0.0928988357409 0.907101164259
0.0122331459451 0.987766854055
0.776561516078 0.223438483922
0.13987320606 0.86012679394
0.192169887222 0.807830112778
0.000130012708306 0.999869987292
0.00107378562525 0.998926214375
0.0703651890134 0.929634810987
0.651857638101 0.348142361899
0.0170305510571 0.982969448943
9.43024434279e-06 0.999990569756
0.498524156798 0.501475843202
0.000119375237517 0.999880624762
0.410106318596 0.589893681404
0.0206356411359 0.979364358864
0.115850220067 0.884149779933
0.000240637486158 0.999759362514
0.920227298323 0.079772701677
0.143024902759 0.856975097241
0.0870653044488 0.912934695551
1.9415268337e-06 0.999998058473
0.00164358669629 0.998356413304
0.153227803737 0.846772196263
0.179619613965 0.820380386035
0.0660131036298 0.93398689637
0.101100337158 0.898899662842
0.0526998995963 0.947300100404
0.0204481198965 0.979551880104
0.000967754491988 0.999032245508
0.183048505998 0.816951494002
0.119370217386 0.880629782614
0.00434562989454 0.995654370105
0.12795819601 0.87204180399
0.656293890975 0.343706109025
0.204411088237 0.795588911763
0.0326732063781 0.967326793622
6.64553211755e-08 0.999999933545
0.859828496389 0.140171503611
0.00194638731801 0.998053612682
0.149579532947 0.850420467053
0.175836802245 0.824163197755
0.0100728160362 0.989927183964
0.018814749157 0.981185250843
0.00563598067279 0.994364019327
0.141118975854 0.858881024146
0.068291564115 0.931708435885
0.413209037157 0.586790962843
0.0572881612611 0.942711838739
0.0762033642526 0.923796635747
0.0492444013487 0.950755598651
4.73588190654e-05 0.999952641181
8.37196573229e-10 0.999999999163
8.92070443485e-05 0.999910792956
0.169282068854 0.830717931146
0.19690154061 0.80309845939
0.5 0.5
0.0405298672652 0.959470132735
0.00100249474316 0.998997505257
0.330147999594 0.669852000406
0.0353516081987 0.964648391801
0.0428945717339 0.957105428266
0.485521397222 0.514478602778
0.396039155731 0.603960844269
0.130498397056 0.869501602944
0.127957480398 0.872042519602
0.384985865755 0.615014134245
0.124683555022 0.875316444978
0.430811158129 0.569188841871
0.0196950953688 0.980304904631
0.280660270052 0.719339729948
0.957615908147 0.0423840918528
0.00140761222046 0.99859238778
0.161764881732 0.838235118268
0.000157511137043 0.999842488863
0.00063386392827 0.999366136072
0.0461025201998 0.9538974798
0.00369042945258 0.996309570547
0.719073613731 0.280926386269
0.120372657867 0.879627342133
0.129550813462 0.870449186538
0.185586700735 0.814413299265
0.000524773489111 0.999475226511
0.0178149548948 0.982185045105
0.0483672736149 0.951632726385
0.145043940888 0.854956059112
2.84258791912e-05 0.999971574121
0.0702170367895 0.92978296321
0.545152794922 0.454847205078
0.00025898767502 0.999741012325
0.00400259115628 0.995997408844
0.112326908217 0.887673091783
0.588724929255 0.411275070745
0.491040579252 0.508959420748
0.000965600180383 0.99903439982
3.40085718527e-05 0.999965991428
0.623819096866 0.376180903134
0.0144690021755 0.985530997825
0.287470420698 0.712529579302
0.150925943405 0.849074056595
0.00469113623118 0.995308863769
0.0721031143453 0.927896885655
0.676112339758 0.323887660242
0.0108340226134 0.989165977387
0.00261064862411 0.997389351376
0.128568078539 0.871431921461
0.236490736051 0.763509263949
0.272700261274 0.727299738726
0.0275661112642 0.972433888736
0.10339597867 0.89660402133
0.898259397941 0.101740602059
0.42890065153 0.57109934847
0.5 0.5
0.0584267438115 0.941573256188
0.0667977529105 0.93320224709
0.0195498951854 0.980450104815
0.243493268407 0.756506731593
0.52504271446 0.47495728554
1.5445163e-07 0.999999845548
0.5 0.5
0.390337645818 0.609662354182
6.09564399852e-05 0.99993904356
0.182023108009 0.817976891991
0.0496633311214 0.950336668879
0.179708347356 0.820291652644
0.000893253266509 0.999106746733
2.3256286108e-09 0.999999997674
0.90633139024 0.0936686097601
0.0866966108655 0.913303389135
0.507823927839 0.492176072161
0.205435232978 0.794564767022
0.536748608236 0.463251391764
0.0599686306383 0.940031369362
0.12772421732 0.87227578268
0.00433509784023 0.99566490216
0.159383994318 0.840616005682
0.00207581558143 0.997924184419
0.023877589819 0.976122410181
0.000165015668639 0.999834984331
0.127274704876 0.872725295124
0.315648210085 0.684351789915
0.0485983207983 0.951401679202
0.0884787446523 0.911521255348
0.42890065153 0.57109934847
0.474100523359 0.525899476641
0.0219063631764 0.978093636824
0.00472171735089 0.995278282649
0.0791647234668 0.920835276533
0.120968504562 0.879031495438
0.234953471673 0.765046528327
0.00289517247231 0.997104827528
0.526838543187 0.473161456813
0.13435335159 0.86564664841
0.421918211153 0.578081788847
0.920125403532 0.0798745964679
0.280257035997 0.719742964003
0.0305517277081 0.969448272292
0.0329699742324 0.967030025768
8.24368987132e-08 0.999999917563
3.26234030383e-07 0.999999673766
0.023286939468 0.976713060532
0.515917128846 0.484082871154
0.0492444013487 0.950755598651
0.200219189111 0.799780810889
0.22604593177 0.77395406823
0.0489526022225 0.951047397777
0.0895942289643 0.910405771036
0.00446924882029 0.99553075118
0.712114043842 0.287885956158
0.130590177223 0.869409822777
0.413209037157 0.586790962843
0.00162378978535 0.998376210215
0.0523153332268 0.947684666773
0.0071308407818 0.992869159218
0.272086130832 0.727913869168
0.0492444013487 0.950755598651
7.3970923285e-05 0.999926029077
0.0110293911572 0.988970608843
0.00216810050193 0.997831899498
0.132711482533 0.867288517467
0.000404840551706 0.999595159448
0.0016113833407 0.998388616659
0.166856943681 0.833143056319
0.100123310768 0.899876689232
0.000903020630548 0.999096979369
0.0230758130099 0.97692418699
0.381324025072 0.618675974928
0.676351536545 0.323648463455
0.79653639685 0.20346360315
0.0236948378635 0.976305162137
0.173462324147 0.826537675853
0.0234793441316 0.976520655868
0.067207284761 0.932792715239
0.458394889462 0.541605110538
0.000338866445973 0.999661133554
0.354851437232 0.645148562768
0.0400567814114 0.959943218589
0.0017893536361 0.998210646364
0.00621433714409 0.993785662856
0.882706209505 0.117293790495
0.000725119683866 0.999274880316
0.367851039998 0.632148960002
0.00772717545868 0.992272824541
3.97286415305e-05 0.999960271358
0.000385302201701 0.999614697798
0.665766354542 0.334233645458
0.618927677987 0.381072322013
0.0995802203497 0.90041977965
0.593550739236 0.406449260764
0.217054921292 0.782945078708
9.60254120721e-06 0.999990397459
0.118389928111 0.881610071889
0.434447887616 0.565552112384
0.0359819440595 0.96401805594
0.000380182857412 0.999619817143
0.0509223892725 0.949077610727
0.00664079119863 0.993359208801
0.0526998995963 0.947300100404
8.15809496321e-05 0.99991841905
0.757806826608 0.242193173392
0.118323615142 0.881676384858
2.28081783338e-06 0.999997719182
0.00191370382951 0.99808629617
0.0114664658024 0.988533534198
0.150736126892 0.849263873108
0.0216036360375 0.978396363963
0.0455043934342 0.954495606566
0.153544358355 0.846455641645
0.110215711323 0.889784288677
0.757974006977 0.242025993023
4.61310478354e-05 0.999953868952
0.291347356188 0.708652643812
0.452237122987 0.547762877013
0.0667519224492 0.933248077551
0.0070603357837 0.992939664216
0.530610178882 0.469389821118
0.0265096222271 0.973490377773
0.0113071278002 0.9886928722
0.0400526169198 0.95994738308
0.795343685309 0.204656314691
0.277834304042 0.722165695958
0.0162310067873 0.983768993213
0.298532295587 0.701467704413
0.020435913639 0.979564086361
0.018206279258 0.981793720742
0.190572504267 0.809427495733
0.413209037157 0.586790962843
0.207084260392 0.792915739608
0.0658879421303 0.93411205787
0.102716392894 0.897283607106
0.0670928522278 0.932907147772
0.236962484065 0.763037515935
0.999242690555 0.000757309444731
0.962742559513 0.0372574404865
0.979888590935 0.020111409065
0.994903484974 0.00509651502634
0.99999960024 3.99760308467e-07
0.977052071039 0.0229479289611
0.999918349713 8.16502870353e-05
0.357061067701 0.642938932299
0.826958632339 0.173041367661
0.996011906261 0.00398809373856
0.715469747281 0.284530252719
0.957565609841 0.0424343901594
0.999999743107 2.56892710268e-07
0.999986081206 1.39187940493e-05
0.995783126555 0.00421687344546
0.960959937839 0.0390400621611
0.99825101685 0.00174898314952
0.903734135453 0.0962658645471
0.959382963799 0.0406170362011
0.853022348032 0.146977651968
0.980539074966 0.0194609250338
0.999702498832 0.000297501167781
0.997362730387 0.00263726961261
0.977765803598 0.0222341964023
0.999000119072 0.000999880928048
0.819100687732 0.180899312268
0.999841034675 0.00015896532488
0.990579434088 0.00942056591188
0.0861952457044 0.913804754296
0.98703307004 0.0129669299596
0.726272316116 0.273727683884
0.00716318230392 0.992836817696
0.999997383437 2.61656348877e-06
0.980324697745 0.0196753022553
0.671356876046 0.328643123954
0.999998282761 1.71723874564e-06
0.99999078978 9.21022036793e-06
0.726272316116 0.273727683884
0.405858636093 0.594141363907
0.458155834635 0.541844165365
0.842797456722 0.157202543278
0.871096321345 0.128903678655
0.999244808401 0.000755191599122
0.949954195984 0.0500458040165
0.88637180271 0.11362819729
0.998654584695 0.00134541530462
0.999384038995 0.000615961004897
0.999999995083 4.91713557851e-09
0.823623330368 0.176376669632
0.977749272662 0.022250727338
0.974242268937 0.0257577310628
0.98586699468 0.0141330053198
0.903102292842 0.0968977071578
0.642817776509 0.357182223491
0.494603198393 0.505396801607
0.999994225803 5.77419703973e-06
0.997105798862 0.00289420113758
0.999996593438 3.40656227692e-06
0.986909591545 0.013090408455
0.815253346262 0.184746653738
0.962838285025 0.0371617149752
0.456623900235 0.543376099765
0.420539702838 0.579460297162
0.967741777628 0.0322582223724
0.899281381757 0.100718618243
0.867102175299 0.132897824701
0.999871266388 0.000128733612367
0.999999449769 5.5023092336e-07
0.999986746526 1.32534735667e-05
0.995099988478 0.00490001152216
0.997540132758 0.00245986724214
0.917989753126 0.0820102468745
0.985184941928 0.0148150580723
0.62068178798 0.37931821202
0.999993945145 6.05485511739e-06
0.999983979588 1.60204124553e-05
0.985924778881 0.0140752211193
0.998099739684 0.00190026031567
0.995422469306 0.00457753069354
0.934400188044 0.0655998119563
0.620953616787 0.379046383213
0.902476517201 0.0975234827993
0.985807798956 0.0141922010439
0.983632135467 0.0163678645334
0.985641918191 0.0143580818087
0.999998444832 1.55516789658e-06
0.920429622036 0.0795703779643
0.803979338602 0.196020661398
0.99999011041 9.88959040827e-06
0.20855581735 0.79144418265
0.999999969015 3.09854615653e-08
0.93635647224 0.0636435277595
0.739394385504 0.260605614496
0.999130242569 0.000869757430679
0.692762924437 0.307237075563
0.000448402785983 0.999551597214
0.966716789287 0.033283210713
0.999838537835 0.000161462164758
0.996939890792 0.0030601092078
0.985259375535 0.0147406244647
0.999999991299 8.70119292897e-09
0.993195502444 0.00680449755572
0.999862737147 0.000137262852535
0.998769865765 0.00123013423502
0.999907224188 9.27758122969e-05
0.999998151419 1.84858061964e-06
0.999999922884 7.71160840794e-08
0.999006203077 0.000993796922849
0.968981979867 0.0310180201327
0.71311121563 0.28688878437
0.999944981148 5.50188519287e-05
0.999999969235 3.07649696685e-08
0.999952393775 4.76062248574e-05
0.996620764184 0.00337923581631
0.996213330138 0.00378666986246
0.999985170255 1.48297446593e-05
0.935275173759 0.0647248262406
0.985243478056 0.014756521944
0.976229270857 0.0237707291428
0.97867335144 0.0213266485605
0.99725690813 0.00274309186975
0.740490924272 0.259509075728
0.999999843452 1.56548365683e-07
0.5 0.5
0.959719004769 0.0402809952308
0.996880703445 0.00311929655498
0.741522649691 0.258477350309
0.99999859699 1.40301048102e-06
0.999716363938 0.000283636062258
0.928555959559 0.0714440404408
0.999990046918 9.9530823151e-06
0.999481580129 0.000518419870599
0.0404041737424 0.959595826258
0.946180462421 0.053819537579
0.923454080638 0.0765459193616
0.999824200462 0.000175799537685
0.999935868703 6.41312974767e-05
0.999984224459 1.5775540978e-05
0.343607994703 0.656392005297
0.999912488578 8.75114222233e-05
0.998587007081 0.00141299291899
0.99998195678 1.80432199041e-05
0.999999999365 6.35052376356e-10
0.448768044755 0.551231955245
0.973808644499 0.0261913555005
0.135247171937 0.864752828063
0.999840547828 0.000159452172234
0.86664398596 0.13335601404
0.99962780695 0.000372193049637
0.982736087824 0.0172639121758
0.999995696323 4.30367674109e-06
0.940674077402 0.0593259225977
0.99978457942 0.000215420580146
0.999999968924 3.1076111322e-08
0.997466224795 0.00253377520529
0.999996420061 3.57993859549e-06
0.894903553801 0.105096446199
0.99999955556 4.4444030858e-07
0.999856172181 0.000143827818555
0.999678613535 0.000321386465269
0.925693641386 0.0743063586142
0.997895891025 0.00210410897512
0.989545955416 0.0104540445839
0.99982927927 0.000170720730492
0.990166297497 0.00983370250283
0.5 0.5
0.999995244172 4.7558282581e-06
0.994463176682 0.00553682331785
0.835166374413 0.164833625587
0.921732966682 0.0782670333182
0.757885491863 0.242114508137
0.881090202777 0.118909797223
0.515502465913 0.484497534087
0.999945998607 5.40013932808e-05
0.99999348122 6.51877967481e-06
0.971876178155 0.028123821845
0.853468540842 0.146531459158
0.0431649561339 0.956835043866
0.996421336263 0.00357866373711
0.981839883082 0.0181601169177
0.904672076768 0.0953279232315
0.990004994658 0.00999500534219
0.266453177259 0.733546822741
0.960540090142 0.0394599098582
0.99211615229 0.00788384770993
0.998943382578 0.00105661742164
0.992276232699 0.00772376730115
0.86525626408 0.13474373592
0.999137661938 0.00086233806209
0.999999945865 5.41347576886e-08
0.999271805168 0.000728194831575
0.999963482846 3.65171536749e-05
0.96474110842 0.0352588915801
0.999997968949 2.0310514854e-06
0.999992159143 7.84085721575e-06
0.998094161051 0.00190583894906
0.999998400901 1.59909855045e-06
0.999728535111 0.000271464889083
0.823753286757 0.176246713243
0.993355932081 0.00664406791883
0.975537681026 0.0244623189737
0.999950369425 4.9630575289e-05
0.985866369809 0.0141336301907
0.995271862569 0.00472813743065
0.960024504572 0.0399754954277
0.999991311616 8.68838350544e-06
0.968088602355 0.0319113976449
0.380750793875 0.619249206125
0.413209037157 0.586790962843
0.898673136963 0.101326863037
0.413209037157 0.586790962843
0.383305874655 0.616694125345
0.726272316116 0.273727683884
0.999988553061 1.14469393332e-05
0.98836756821 0.0116324317903
0.909816577462 0.0901834225378
0.956709897736 0.0432901022635
0.999990216803 9.78319684207e-06
0.999106019932 0.000893980068294
0.465943233427 0.534056766573
0.000321886770404 0.99967811323
0.964420314027 0.0355796859727
0.741735546115 0.258264453885
0.999217431118 0.000782568882347
0.978829511183 0.0211704888171
0.280640732463 0.719359267537
0.998493211128 0.0015067888724
0.979043019563 0.0209569804374
0.910692688329 0.0893073116708
0.999873304291 0.000126695709206
0.994808939256 0.00519106074382
0.980110236229 0.0198897637709
0.999896484359 0.000103515640966
0.803979338602 0.196020661398
0.528601678497 0.471398321503
0.918462654973 0.081537345027
0.999636022842 0.000363977157782
0.999999885587 1.14412624977e-07
0.996030426306 0.00396957369396
0.996191504361 0.00380849563942
0.85170503591 0.14829496409
0.990025998862 0.00997400113835
0.999997819197 2.18080328391e-06
0.740676087675 0.259323912325
0.99901462102 0.000985378980181
0.526222883286 0.473777116714
0.966878129772 0.0331218702283
0.931163570616 0.0688364293839
0.999891361833 0.000108638167213
0.999775516639 0.000224483360642
0.803979338602 0.196020661398
0.999640630979 0.000359369021361
0.764362051764 0.235637948236
0.121632260686 0.878367739314
0.911302117404 0.0886978825962
0.511364214856 0.488635785144
0.323963866736 0.676036133264
0.944012824586 0.055987175414
0.955158241597 0.044841758403
0.947068308055 0.0529316919449
0.921496489013 0.0785035109874
0.997178186389 0.00282181361127
0.872958586393 0.127041413607
0.0200252912539 0.979974708746
0.999913006982 8.6993018302e-05
0.99999492228 5.07771951567e-06
0.982952704117 0.0170472958834
0.588566935159 0.411433064841
0.987391950061 0.0126080499394
0.999991097824 8.90217639463e-06
0.962098730316 0.0379012696844
0.999999560255 4.39745267434e-07
0.387510433291 0.612489566709
0.992517082434 0.00748291756613
0.999999998327 1.6726189618e-09
0.9945948815 0.00540511849988
0.797698412321 0.202301587679
0.97885678804 0.0211432119596
0.999854321528 0.000145678471969
0.999485167508 0.000514832491613
0.978750479829 0.0212495201706
0.580075179567 0.419924820433
0.838074321084 0.161925678916
0.759730935569 0.240269064431
0.92635171287 0.0736482871296
0.976795680262 0.0232043197382
0.999986958748 1.30412522456e-05
0.89278857586 0.10721142414
0.982000765135 0.0179992348646
0.788974052859 0.211025947141
0.923454058992 0.0765459410076
0.413209037157 0.586790962843
0.13218446368 0.86781553632
0.994358505428 0.00564149457228
0.528286719769 0.471713280231
0.997241393096 0.00275860690373
0.877832590381 0.122167409619
0.99984235027 0.000157649729839
0.722496857772 0.277503142228
0.811816504544 0.188183495456
