0.0346270887813 0.965372911219
0.00132995793001 0.99867004207
1.01088078298e-07 0.999999898912
0.665332541156 0.334667458844
0.127498570052 0.872501429948
0.322863653103 0.677136346897
0.288290369884 0.711709630116
0.681396454143 0.318603545857
0.131339821533 0.868660178467
0.109632098112 0.890367901888
0.0193194255666 0.980680574433
0.00776292744233 0.992237072558
0.0259616002031 0.974038399797
6.06948091963e-06 0.999993930519
0.128040070781 0.871959929219
0.125769620123 0.874230379877
0.110663413405 0.889336586595
0.417408734434 0.582591265566
9.18459316037e-08 0.999999908154
0.00150985964369 0.998490140356
0.0158005183088 0.984199481691
0.0231484551039 0.976851544896
0.0670300258069 0.932969974193
5.22585643049e-05 0.999947741436
0.00201894528743 0.997981054713
0.0642289397536 0.935771060246
0.0274538587406 0.972546141259
0.221719900559 0.778280099441
0.0427536353263 0.957246364674
0.281477302545 0.718522697455
0.259593215747 0.740406784253
0.859894075623 0.140105924377
0.740675296807 0.259324703193
0.487160064425 0.512839935575
0.0652147642123 0.934785235788
0.00785061273808 0.992149387262
1.05253542455e-05 0.999989474646
0.0931819362076 0.906818063792
0.0519518286879 0.948048171312
0.11368701426 0.88631298574
0.638554067779 0.361445932221
0.0112463368646 0.988753663135
0.0793875841288 0.920612415871
1.46169278239e-05 0.999985383072
9.8417665396e-05 0.999901582335
0.0680404915543 0.931959508446
0.00249887487912 0.997501125121
0.000116282909782 0.99988371709
0.00114054613754 0.998859453862
0.0865192690841 0.913480730916
0.00978009325734 0.990219906743
0.800319228008 0.199680771992
0.0839760483786 0.916023951621
0.190093127699 0.809906872301
0.000109081169786 0.99989091883
0.000312631350365 0.99968736865
0.0763659410258 0.923634058974
0.624563560869 0.375436439131
0.00886435273776 0.991135647262
2.08974093763e-06 0.999997910259
0.517497525483 0.482502474517
6.41056332569e-05 0.999935894367
0.449157039291 0.550842960709
0.028271162998 0.971728837002
0.0756883329702 0.92431166703
0.000290238054016 0.999709761946
0.915400771706 0.0845992282936
0.120018813858 0.879981186142
0.0785469244247 0.921453075575
2.58418538475e-06 0.999997415815
0.00176064226368 0.998239357736
0.110732816595 0.889267183405
0.160858750806 0.839141249194
0.0510509148656 0.948949085134
0.127676026335 0.872323973665
0.0486568944182 0.951343105582
0.0219284175425 0.978071582458
0.00183747909346 0.998162520907
0.228426450209 0.771573549791
0.112638830758 0.887361169242
0.00281925926889 0.997180740731
0.0882755896753 0.911724410325
0.657373265486 0.342626734514
0.186660532235 0.813339467765
0.0147000599068 0.985299940093
8.94349622062e-08 0.999999910565
0.793730783744 0.206269216256
0.0026497998107 0.997350200189
0.164085978733 0.835914021267
0.176966687488 0.823033312512
0.00777039224826 0.992229607752
0.0273460413653 0.972653958635
0.00648760360929 0.993512396391
0.174197230203 0.825802769797
0.0505843154747 0.949415684525
0.417408734434 0.582591265566
0.0121440913056 0.987855908694
0.14175282193 0.85824717807
0.0519518286879 0.948048171312
4.79954355953e-05 0.999952004564
4.9472167292e-10 0.999999999505
0.000148339119845 0.99985166088
0.143136702721 0.856863297279
0.146983077606 0.853016922394
0.5 0.5
0.0355160259218 0.964483974078
0.00102374932358 0.998976250676
0.250443884493 0.749556115507
0.0137346310814 0.986265368919
0.0533283628061 0.946671637194
0.393859550771 0.606140449229
0.438522580481 0.561477419519
0.121801153796 0.878198846204
0.173986162064 0.826013837936
0.439652799634 0.560347200366
0.0926224573622 0.907377542638
0.441903253504 0.558096746496
0.0152475301238 0.984752469876
0.308725669584 0.691274330416
0.97477709581 0.0252229041898
0.0010687733477 0.998931226652
0.208056098942 0.791943901058
0.000375585506885 0.999624414493
0.000822008710827 0.999177991289
0.0457340409962 0.954265959004
0.0042780761081 0.995721923892
0.708208531548 0.291791468452
0.0753340648376 0.924665935162
0.108801526812 0.891198473188
0.208052773334 0.791947226666
0.000609357945322 0.999390642055
0.0436824208792 0.956317579121
0.121509670186 0.878490329814
0.111249144167 0.888750855833
1.41435227053e-05 0.999985856477
0.0704765768151 0.929523423185
0.443832208082 0.556167791918
0.0001559852925 0.999844014707
0.00298657234084 0.997013427659
0.068164578183 0.931835421817
0.618733508636 0.381266491364
0.463151384004 0.536848615996
0.000789682485887 0.999210317514
2.1981960468e-05 0.99997801804
0.602579979926 0.397420020074
0.0126009030301 0.98739909697
0.244472375913 0.755527624087
0.124933951741 0.875066048259
0.00427025768957 0.99572974231
0.10294915174 0.89705084826
0.711562655511 0.288437344489
0.0182151694618 0.981784830538
0.00200907573491 0.997990924265
0.237098531897 0.762901468103
0.170524306809 0.829475693191
0.271000499248 0.728999500752
0.043953276841 0.956046723159
0.148951508158 0.851048491842
0.918769289959 0.0812307100411
0.442486452832 0.557513547168
0.5 0.5
0.0431849476699 0.95681505233
0.0683043228079 0.931695677192
0.021732128689 0.978267871311
0.223588123227 0.776411876773
0.512868137999 0.487131862001
7.01921963394e-07 0.999999298078
0.5 0.5
0.457629885686 0.542370114314
2.49628467784e-05 0.999975037153
0.143181443879 0.856818556121
0.0495687966471 0.950431203353
0.165595219348 0.834404780652
0.000813381923152 0.999186618077
2.09627260276e-09 0.999999997904
0.916995970372 0.0830040296285
0.0920626964193 0.907937303581
0.519176189014 0.480823810986
0.28396808028 0.71603191972
0.554513424858 0.445486575142
0.136591753754 0.863408246246
0.140827497886 0.859172502114
0.0049115097715 0.995088490229
0.192213892151 0.807786107849
0.00142383099947 0.998576169001
0.0250488353175 0.974951164683
0.000201436127115 0.999798563873
0.114347702431 0.885652297569
0.328100265692 0.671899734308
0.0570118603221 0.942988139678
0.167433336131 0.832566663869
0.442486452832 0.557513547168
0.467591565288 0.532408434712
0.0294761552887 0.970523844711
0.00413591550645 0.995864084494
0.0665658285414 0.933434171459
0.0976030381698 0.90239696183
0.359727419211 0.640272580789
0.00344336077849 0.996556639222
0.439752092743 0.560247907257
0.132085903965 0.867914096035
0.47333115019 0.52666884981
0.923190084542 0.076809915458
0.259487307199 0.740512692801
0.0357842103454 0.964215789655
0.0851549704987 0.914845029501
1.3695036579e-08 0.999999986305
3.78229231945e-07 0.999999621771
0.0292068677977 0.970793132202
0.462182295817 0.537817704183
0.0880080403625 0.911991959637
0.203648799541 0.796351200459
0.210258249925 0.789741750075
0.0519518286879 0.948048171312
0.233748603333 0.766251396667
0.00353946493481 0.996460535065
0.702570420537 0.297429579463
0.160929894618 0.839070105382
0.417408734434 0.582591265566
0.000721096623689 0.999278903376
0.0311940841102 0.96880591589
0.00251337541324 0.997486624587
0.299130596255 0.700869403745
0.0880080403625 0.911991959637
5.50804360616e-05 0.999944919564
0.0213821418969 0.978617858103
0.000990780128322 0.999009219872
0.102584117339 0.897415882661
0.000235432018458 0.999764567982
0.00184392512817 0.998156074872
0.113368031534 0.886631968466
0.113368031534 0.886631968466
0.000671260236188 0.999328739764
0.0199395381578 0.980060461842
0.382045453429 0.617954546571
0.673765751672 0.326234248328
0.730960806731 0.269039193269
0.0118204304061 0.988179569594
0.189630528097 0.810369471903
0.0245574145363 0.975442585464
0.0692986308871 0.930701369113
0.471272075366 0.528727924634
0.000450981137749 0.999549018862
0.376651750309 0.623348249691
0.0365546674805 0.963445332519
0.00388838617799 0.996111613822
0.0058819188242 0.994118081176
0.804136511916 0.195863488084
0.000226435731423 0.999773564269
0.397782814747 0.602217185253
0.00484541188507 0.995154588115
2.18298174021e-05 0.999978170183
0.000481101933999 0.999518898066
0.897633670601 0.102366329399
0.588828179102 0.411171820898
0.103474127935 0.896525872065
0.628492392734 0.371507607266
0.22098982749 0.77901017251
1.42375924987e-05 0.999985762407
0.10378242761 0.89621757239
0.479791808615 0.520208191385
0.031551010241 0.968448989759
0.0001073848854 0.999892615115
0.0361585189777 0.963841481022
0.00252153162657 0.997478468373
0.0486568944182 0.951343105582
0.000459090467666 0.999540909532
0.75850817189 0.24149182811
0.150530388465 0.849469611535
2.4905651742e-06 0.999997509435
0.0012816203388 0.998718379661
0.00343413346498 0.996565866535
0.186415996943 0.813584003057
0.0235834368264 0.976416563174
0.0342185725865 0.965781427414
0.136884850271 0.863115149729
0.16820586341 0.83179413659
0.761996234591 0.238003765409
3.7265978121e-05 0.999962734022
0.29890094024 0.70109905976
0.433514583755 0.566485416245
0.0900746403053 0.909925359695
0.00661641846309 0.993383581537
0.471879579494 0.528120420506
0.0632456030491 0.936754396951
0.0134762413745 0.986523758626
0.0408789188886 0.959121081111
0.663839597665 0.336160402335
0.276703481041 0.723296518959
0.0154530508933 0.984546949107
0.320225808441 0.679774191559
0.0130347663423 0.986965233658
0.016230756333 0.983769243667
0.219459276868 0.780540723132
0.417408734434 0.582591265566
0.2452991073 0.7547008927
0.0894143164985 0.910585683501
0.105106589395 0.894893410605
0.0618176454491 0.938182354551
0.252809613827 0.747190386173
0.998801431512 0.0011985684883
0.933560044439 0.0664399555608
0.972923658142 0.027076341858
0.992130940627 0.0078690593727
0.999998720697 1.27930275728e-06
0.977291647723 0.0227083522768
0.999956130998 4.38690022197e-05
0.353956399257 0.646043600743
0.82203115039 0.17796884961
0.995790326544 0.00420967345597
0.789694092472 0.210305907528
0.960022988267 0.0399770117326
0.999999793224 2.06776242943e-07
0.999974013584 2.59864163289e-05
0.990855612726 0.00914438727425
0.953500504919 0.0464994950813
0.997404348563 0.00259565143745
0.923393068269 0.0766069317311
0.986366025153 0.0136339748475
0.821074227706 0.178925772294
0.967777384803 0.032222615197
0.999535620275 0.000464379724552
0.998559853199 0.00144014680076
0.971684102236 0.0283158977636
0.999222970681 0.000777029318755
0.753360297238 0.246639702762
0.99983736284 0.000162637159974
0.985807260016 0.0141927399835
0.077767228499 0.922232771501
0.990614881665 0.00938511833509
0.713031451588 0.286968548412
0.00448745205358 0.995512547946
0.999995152843 4.84715717838e-06
0.979705853994 0.0202941460056
0.745958774451 0.254041225549
0.999998981032 1.01896777911e-06
0.999941248044 5.87519561524e-05
0.713031451588 0.286968548412
0.437211719811 0.562788280189
0.719319768588 0.280680231412
0.848196843217 0.151803156783
0.879931829445 0.120068170555
0.998628369202 0.00137163079794
0.953910328596 0.0460896714043
0.88421187479 0.11578812521
0.999020047736 0.000979952263666
0.998639895104 0.00136010489615
0.999999984429 1.55706717912e-08
0.841671279635 0.158328720365
0.914820792613 0.0851792073871
0.968867832421 0.0311321675789
0.988404022517 0.0115959774832
0.891208091809 0.108791908191
0.605866283117 0.394133716883
0.515144504121 0.484855495879
0.999995574492 4.42550759759e-06
0.994475219368 0.00552478063242
0.999981598439 1.84015613225e-05
0.986052815652 0.0139471843477
0.773357989444 0.226642010556
0.973108781791 0.0268912182093
0.599098133638 0.400901866362
0.440294574891 0.559705425109
0.977267547029 0.0227324529709
0.902006749039 0.0979932509608
0.859649754565 0.140350245435
0.999813934781 0.000186065219164
0.999999652728 3.47272167049e-07
0.999993134315 6.86568469814e-06
0.991590224177 0.00840977582332
0.997147300148 0.0028526998517
0.942250789656 0.0577492103437
0.978559495978 0.0214405040221
0.536587481864 0.463412518136
0.99999599978 4.0002196894e-06
0.999971455824 2.85441755547e-05
0.944403903654 0.055596096346
0.999615960396 0.00038403960394
0.996217662728 0.00378233727191
0.947494622959 0.0525053770408
0.533840890719 0.466159109281
0.89776119858 0.10223880142
0.944897996534 0.055102003466
0.973133196863 0.0268668031374
0.994537936896 0.0054620631044
0.999998721801 1.27819924994e-06
0.960041811045 0.0399581889554
0.807680907913 0.192319092087
0.999984020519 1.59794806066e-05
0.196848622491 0.803151377509
0.999999978723 2.12773511337e-08
0.921442573511 0.0785574264895
0.795911804049 0.204088195951
0.999419523147 0.000580476852611
0.733182055277 0.266817944723
0.000491556071644 0.999508443928
0.964173874084 0.035826125916
0.999936131689 6.38683105135e-05
0.997846236339 0.00215376366104
0.972939972547 0.0270600274528
0.999999992179 7.82121881237e-09
0.991483688938 0.00851631106173
0.999515417731 0.000484582268808
0.997165118962 0.00283488103834
0.999910115422 8.98845778087e-05
0.999999261397 7.38602521941e-07
0.999999810279 1.89720827435e-07
0.998579008582 0.00142099141758
0.980323498862 0.0196765011382
0.300373509687 0.699626490313
0.999895129892 0.000104870107682
0.999999795332 2.04668496522e-07
0.999970080385 2.99196153038e-05
0.996728359941 0.00327164005888
0.995611515908 0.00438848409173
0.999966014039 3.39859611204e-05
0.918254813662 0.0817451863376
0.954361168812 0.0456388311876
0.97826972745 0.0217302725501
0.974140275343 0.025859724657
0.994818399927 0.00518160007265
0.712907829451 0.287092170549
0.999999952051 4.79489478344e-08
0.5 0.5
0.952424326403 0.0475756735973
0.998376035653 0.00162396434736
0.761024902445 0.238975097555
0.999999489295 5.10704568554e-07
0.9995825329 0.000417467099508
0.905106116749 0.0948938832505
0.999996113501 3.88649945076e-06
0.997677952733 0.00232204726684
0.0292689784169 0.970731021583
0.927351755201 0.0726482447991
0.908887378656 0.0911126213442
0.999693950009 0.000306049991127
0.999943618877 5.63811226225e-05
0.999986802741 1.31972591385e-05
0.375218615042 0.624781384958
0.999971348922 2.86510780129e-05
0.998318607307 0.00168139269326
0.999963548336 3.6451663514e-05
0.999999999064 9.35625804385e-10
0.510609341997 0.489390658003
0.960154875347 0.0398451246535
0.16079763172 0.83920236828
0.999650363838 0.000349636161777
0.865990325214 0.134009674786
0.99887940956 0.00112059043956
0.98114391833 0.0188560816705
0.999993631537 6.36846321983e-06
0.983344875136 0.016655124864
0.999836055015 0.000163944984849
0.999999912283 8.77167427776e-08
0.998356129763 0.00164387023678
0.9999966951 3.30489983597e-06
0.895018699995 0.104981300005
0.999999763491 2.36508988457e-07
0.999862167931 0.000137832068565
0.999688169969 0.000311830030702
0.965283830804 0.0347161691961
0.99826586816 0.00173413184009
0.993023874344 0.006976125656
0.999909259364 9.07406359531e-05
0.993176448425 0.00682355157536
0.5 0.5
0.999995424088 4.57591213806e-06
0.98598658919 0.0140134108097
0.815494614918 0.184505385082
0.911402535676 0.0885974643235
0.736090722334 0.263909277666
0.896035964416 0.103964035584
0.411755847835 0.588244152165
0.99990626613 9.37338698044e-05
0.99999133752 8.66248024022e-06
0.967560797555 0.0324392024452
0.854262450294 0.145737549706
0.0561006973434 0.943899302657
0.996301979511 0.00369802048918
0.97749845102 0.0225015489796
0.917619115799 0.0823808842014
0.992148107434 0.00785189256627
0.213416037405 0.786583962595
0.928392335981 0.0716076640188
0.990408898018 0.00959110198179
0.998266289912 0.00173371008817
0.997030108024 0.00296989197648
0.775560146835 0.224439853165
0.999767796666 0.000232203334058
0.999999951637 4.8363067717e-08
0.998931116404 0.00106888359602
0.999946285309 5.37146908224e-05
0.963326827033 0.0366731729666
0.999997148211 2.85178900715e-06
0.999982896436 1.71035643192e-05
0.995292759677 0.00470724032264
0.999996481024 3.51897606285e-06
0.999598814898 0.000401185102129
0.894386614962 0.105613385038
0.994136095395 0.00586390460507
0.933175614908 0.0668243850922
0.999977240146 2.27598537825e-05
0.979136547575 0.0208634524247
0.996079663326 0.00392033667369
0.958143844539 0.0418561554607
0.999988521025 1.1478974728e-05
0.948055935951 0.051944064049
0.334080615224 0.665919384776
0.417408734434 0.582591265566
0.884859425847 0.115140574153
0.417408734434 0.582591265566
0.409400255414 0.590599744586
0.713031451588 0.286968548412
0.999993655366 6.34463402126e-06
0.992144331888 0.0078556681119
0.902885099906 0.0971149000938
0.97323897644 0.0267610235601
0.999991767233 8.23276699417e-06
0.999244239019 0.000755760980506
0.370313182637 0.629686817363
0.000989419958751 0.999010580041
0.979687934523 0.0203120654774
0.738215164763 0.261784835237
0.999796512255 0.00020348774487
0.977748107755 0.0222518922454
0.169115972248 0.830884027752
0.997614096762 0.00238590323831
0.966064956487 0.0339350435131
0.881977544628 0.118022455372
0.999961488458 3.85115417646e-05
0.997131143485 0.00286885651495
0.978628927673 0.0213710723271
0.999857399894 0.000142600105649
0.807680907913 0.192319092087
0.394247030598 0.605752969402
0.921764183806 0.0782358161945
0.999501796159 0.00049820384132
0.999999724411 2.75588578621e-07
0.992396123186 0.00760387681383
0.997996036947 0.00200396305327
0.840917302092 0.159082697908
0.992679187698 0.00732081230173
0.999998400097 1.59990340147e-06
0.74908846268 0.25091153732
0.998847413788 0.00115258621166
0.548738447083 0.451261552917
0.971358297605 0.0286417023949
0.957677769853 0.042322230147
0.999858354907 0.000141645093262
0.99978451429 0.000215485710421
0.807680907913 0.192319092087
0.99982756196 0.000172438039629
0.834604053541 0.165395946459
0.182168255913 0.817831744087
0.906977723494 0.0930222765057
0.510572924372 0.489427075628
0.390219355605 0.609780644395
0.947969385792 0.0520306142076
0.943173205856 0.0568267941441
0.949604131657 0.0503958683429
0.918694074292 0.0813059257081
0.99595914073 0.0040408592702
0.854305512087 0.145694487913
0.0176738050301 0.98232619497
0.999931409612 6.85903876127e-05
0.999989872125 1.01278749624e-05
0.982219868664 0.0177801313356
0.566546212025 0.433453787975
0.981219092556 0.0187809074439
0.999993751108 6.24889217056e-06
0.966608003022 0.033391996978
0.999999688952 3.11048379032e-07
0.283462240753 0.716537759247
0.994335358374 0.00566464162594
0.999999994737 5.26294369669e-09
0.996110099146 0.0038899008539
0.783447466611 0.216552533389
0.977923408389 0.0220765916106
0.999787132571 0.00021286742855
0.999719217944 0.000280782055974
0.97581070596 0.0241892940396
0.571703727749 0.428296272251
0.830656562403 0.169343437597
0.904210386504 0.0957896134962
0.874062230354 0.125937769646
0.978468287581 0.0215317124186
0.999988449045 1.15509548377e-05
0.899473604355 0.100526395645
0.984207874084 0.0157921259164
0.798601870064 0.201398129936
0.928731187266 0.0712688127336
0.417408734434 0.582591265566
0.157438163865 0.842561836135
0.994563586773 0.00543641322716
0.562644412542 0.437355587458
0.997204323615 0.00279567638453
0.866886350019 0.133113649981
0.999765841163 0.000234158837294
0.79100332441 0.20899667559
0.858433538752 0.141566461248
